96,54
96,53
96,52
96,51
96,50
96,49
96,48
96,47
96,46
96,45
96,44
96,43
96,42
96,41
96,40
96,39
96,38
96,37
96,36
96,35
9,6
9,4
8,5
8,12
8,10
8,13
8,9
8,11
86,16
86,15
86,14
86,13
86,12
86,11
86,10
86,9
86,8
86,7
86,6
86,5
86,4
86,3
86,2
86,1
86,0
85,4
85,3
85,2
85,1
85,0
84,7
84,6
84,5
84,4
84,3
84,2
84,1
84,0
83,7
83,6
83,5
83,4
83,3
83,2
83,1
83,0
82,6
82,5
82,4
82,3
82,2
82,1
82,0
81,5
81,4
81,3
81,2
81,1
81,0
80,7
80,6
80,5
80,4
80,3
80,2
80,1
80,0
79,7
79,6
79,5
79,4
79,3
79,2
79,1
79,0
78,5
78,4
78,3
78,2
78,1
78,0
77,6
77,5
77,4
77,3
77,2
77,1
77,0
76,5
76,4
76,3
76,2
76,1
76,0
75,10
75,9
75,8
75,7
75,6
75,5
75,4
75,3
75,2
75,1
75,0
74,5
74,4
74,3
18,1
74,2
74,1
18,3
74,0
73,4
73,3
73,2
73,1
73,0
72,4
72,3
14,3
13,1
72,2
72,1
13,3
72,0
71,7
71,6
71,5
71,4
71,3
71,2
71,1
71,0
70,5
70,4
70,3
70,2
70,1
70,0
69,5
69,4
69,3
69,2
69,1
69,0
68,10
68,9
68,1
68,8
20,3
20,2
20,1
19,3
19,2
19,1
2,2
14,16
2,1
14,1
12,3
12,2
2,3
